0.0481381    0.0332049    0.0157628   0.00492516  0.000889871  3.51983e-05 -2.56304e-05 -7.40993e-06 -1.08321e-06    0.0438054    0.0299874    0.0140588   0.00428725  0.000723666  5.96708e-06 -2.88493e-05 -7.57406e-06 -1.07506e-06    0.0351057    0.0238365    0.0110231    0.0032696  0.000506407 -1.74761e-05 -2.78388e-05 -6.77959e-06 -9.37852e-07    0.0247747    0.0166745   0.00759557   0.00218216   0.00030196 -2.91071e-05 -2.32026e-05 -5.31933e-06 -7.19357e-07    0.0153953    0.0102638   0.00459786   0.00127272  0.000150783 -2.92433e-05 -1.67835e-05 -3.66122e-06 -4.85258e-07   0.00842328   0.00555816   0.00244397  0.000647448  6.08638e-05  -2.2548e-05 -1.05711e-05 -2.21197e-06 -2.87946e-07    0.0040574   0.00264751    0.0011401  0.000286536  1.81089e-05 -1.42536e-05  -5.8112e-06 -1.17365e-06 -1.50329e-07   0.00172045     0.001109  0.000466451  0.000109914  2.55274e-06 -7.59537e-06 -2.79304e-06 -5.47132e-07  -6.9062e-08  0.000642122  0.000408409  0.000167236  3.63457e-05 -1.11676e-06 -3.46118e-06 -1.17524e-06 -2.24178e-07  -2.7923e-08
   0.0332049     0.031923    0.0213326   0.00959631   0.00268161  0.000331494 -5.49361e-05 -3.35927e-05 -7.40993e-06    0.0299874    0.0285809    0.0188404     0.008269   0.00218076  0.000199399 -7.86611e-05 -3.63252e-05 -7.57406e-06    0.0238365    0.0225043    0.0146101   0.00623086   0.00152605  7.24701e-05  -8.7523e-05 -3.40266e-05 -6.77959e-06    0.0166745    0.0155799   0.00994234   0.00409886  0.000909951 -1.46685e-05 -8.02178e-05 -2.77176e-05 -5.31933e-06    0.0102638   0.00948087   0.00593339   0.00234864  0.000454383 -5.28844e-05 -6.21197e-05 -1.96878e-05 -3.66122e-06   0.00555816    0.0050695    0.0031026   0.00116855  0.000183412 -5.46259e-05 -4.11906e-05 -1.22179e-05 -2.21197e-06   0.00264751   0.00238089   0.00142001  0.000502531  5.45708e-05 -3.96228e-05 -2.35727e-05 -6.63444e-06 -1.17365e-06     0.001109  0.000981655  0.000568068  0.000185491  7.69265e-06 -2.28883e-05 -1.17021e-05 -3.15582e-06 -5.47132e-07  0.000408409  0.000355113  0.000198268  5.80887e-05 -3.36533e-06 -1.10001e-05 -5.05657e-06 -1.31617e-06 -2.24178e-07
   0.0157628    0.0213326    0.0203407    0.0134177   0.00589642   0.00155984  0.000145368 -5.49361e-05 -2.56304e-05    0.0140588    0.0188404    0.0177062     0.011409   0.00479512   0.00112751  2.46438e-05 -7.86611e-05 -2.88493e-05    0.0110231    0.0146101    0.0135033   0.00845911   0.00335553  0.000654275 -7.21754e-05  -8.7523e-05 -2.78388e-05   0.00759557   0.00994234   0.00901222   0.00545421   0.00200083  0.000273848 -0.000120211 -8.02178e-05 -2.32026e-05   0.00459786   0.00593339   0.00525626   0.00304645  0.000999112  4.52167e-05 -0.000120774 -6.21197e-05 -1.67835e-05   0.00244397    0.0031026   0.00267393   0.00146557  0.000403293 -4.86056e-05 -9.31225e-05 -4.11906e-05 -1.05711e-05    0.0011401   0.00142001   0.00118338  0.000601683  0.000119992 -6.14116e-05 -5.88667e-05 -2.35727e-05  -5.8112e-06  0.000466451  0.000568068  0.000453941  0.000207448  1.69148e-05 -4.34181e-05 -3.13686e-05 -1.17021e-05 -2.79304e-06  0.000167236  0.000198268  0.000150106  5.81746e-05 -7.39979e-06 -2.32209e-05 -1.42945e-05 -5.05657e-06 -1.17524e-06
  0.00492516   0.00959631    0.0134177    0.0133914   0.00946027   0.00466312   0.00155984  0.000331494  3.51983e-05   0.00428725     0.008269     0.011409    0.0111814   0.00769334   0.00363717   0.00112751  0.000199399  5.96708e-06    0.0032696   0.00623086   0.00845911   0.00810272   0.00538364   0.00239708  0.000654275  7.24701e-05 -1.74761e-05   0.00218216   0.00409886   0.00545421    0.0050716   0.00321015   0.00130149  0.000273848 -1.46685e-05 -2.91071e-05   0.00127272   0.00234864   0.00304645    0.0027215   0.00160299  0.000549268  4.52167e-05 -5.28844e-05 -2.92433e-05  0.000647448   0.00116855   0.00146557    0.0012366  0.000647047  0.000148209 -4.86056e-05 -5.46259e-05  -2.2548e-05  0.000286536  0.000502531  0.000601683  0.000464877  0.000192516 -7.52088e-06 -6.14116e-05 -3.96228e-05 -1.42536e-05  0.000109914  0.000185491  0.000207448  0.000137313  2.71383e-05 -3.92772e-05 -4.34181e-05 -2.28883e-05 -7.59537e-06  3.63457e-05  5.80887e-05  5.81746e-05  2.71026e-05 -1.18723e-05 -2.92293e-05 -2.32209e-05 -1.10001e-05 -3.46118e-06
 0.000889871   0.00268161   0.00589642   0.00946027     0.011075   0.00946027   0.00589642   0.00268161  0.000889871  0.000723666   0.00218076   0.00479512   0.00769334   0.00900645   0.00769334   0.00479512   0.00218076  0.000723666  0.000506407   0.00152605   0.00335553   0.00538364   0.00630253   0.00538364   0.00335553   0.00152605  0.000506407   0.00030196  0.000909951   0.00200083   0.00321015   0.00375806   0.00321015   0.00200083  0.000909951   0.00030196  0.000150783  0.000454383  0.000999112   0.00160299   0.00187658   0.00160299  0.000999112  0.000454383  0.000150783  6.08638e-05  0.000183412  0.000403293  0.000647047  0.000757485  0.000647047  0.000403293  0.000183412  6.08638e-05  1.81089e-05  5.45708e-05  0.000119992  0.000192516  0.000225375  0.000192516  0.000119992  5.45708e-05  1.81089e-05  2.55274e-06  7.69265e-06  1.69148e-05  2.71383e-05  3.17703e-05  2.71383e-05  1.69148e-05  7.69265e-06  2.55274e-06 -1.11676e-06 -3.36533e-06 -7.39979e-06 -1.18723e-05 -1.38987e-05 -1.18723e-05 -7.39979e-06 -3.36533e-06 -1.11676e-06
 3.51983e-05  0.000331494   0.00155984   0.00466312   0.00946027    0.0133914    0.0134177   0.00959631   0.00492516  5.96708e-06  0.000199399   0.00112751   0.00363717   0.00769334    0.0111814     0.011409     0.008269   0.00428725 -1.74761e-05  7.24701e-05  0.000654275   0.00239708   0.00538364   0.00810272   0.00845911   0.00623086    0.0032696 -2.91071e-05 -1.46685e-05  0.000273848   0.00130149   0.00321015    0.0050716   0.00545421   0.00409886   0.00218216 -2.92433e-05 -5.28844e-05  4.52167e-05  0.000549268   0.00160299    0.0027215   0.00304645   0.00234864   0.00127272  -2.2548e-05 -5.46259e-05 -4.86056e-05  0.000148209  0.000647047    0.0012366   0.00146557   0.00116855  0.000647448 -1.42536e-05 -3.96228e-05 -6.14116e-05 -7.52088e-06  0.000192516  0.000464877  0.000601683  0.000502531  0.000286536 -7.59537e-06 -2.28883e-05 -4.34181e-05 -3.92772e-05  2.71383e-05  0.000137313  0.000207448  0.000185491  0.000109914 -3.46118e-06 -1.10001e-05 -2.32209e-05 -2.92293e-05 -1.18723e-05  2.71026e-05  5.81746e-05  5.80887e-05  3.63457e-05
-2.56304e-05 -5.49361e-05  0.000145368   0.00155984   0.00589642    0.0134177    0.0203407    0.0213326    0.0157628 -2.88493e-05 -7.86611e-05  2.46438e-05   0.00112751   0.00479512     0.011409    0.0177062    0.0188404    0.0140588 -2.78388e-05  -8.7523e-05 -7.21754e-05  0.000654275   0.00335553   0.00845911    0.0135033    0.0146101    0.0110231 -2.32026e-05 -8.02178e-05 -0.000120211  0.000273848   0.00200083   0.00545421   0.00901222   0.00994234   0.00759557 -1.67835e-05 -6.21197e-05 -0.000120774  4.52167e-05  0.000999112   0.00304645   0.00525626   0.00593339   0.00459786 -1.05711e-05 -4.11906e-05 -9.31225e-05 -4.86056e-05  0.000403293   0.00146557   0.00267393    0.0031026   0.00244397  -5.8112e-06 -2.35727e-05 -5.88667e-05 -6.14116e-05  0.000119992  0.000601683   0.00118338   0.00142001    0.0011401 -2.79304e-06 -1.17021e-05 -3.13686e-05 -4.34181e-05  1.69148e-05  0.000207448  0.000453941  0.000568068  0.000466451 -1.17524e-06 -5.05657e-06 -1.42945e-05 -2.32209e-05 -7.39979e-06  5.81746e-05  0.000150106  0.000198268  0.000167236
-7.40993e-06 -3.35927e-05 -5.49361e-05  0.000331494   0.00268161   0.00959631    0.0213326     0.031923    0.0332049 -7.57406e-06 -3.63252e-05 -7.86611e-05  0.000199399   0.00218076     0.008269    0.0188404    0.0285809    0.0299874 -6.77959e-06 -3.40266e-05  -8.7523e-05  7.24701e-05   0.00152605   0.00623086    0.0146101    0.0225043    0.0238365 -5.31933e-06 -2.77176e-05 -8.02178e-05 -1.46685e-05  0.000909951   0.00409886   0.00994234    0.0155799    0.0166745 -3.66122e-06 -1.96878e-05 -6.21197e-05 -5.28844e-05  0.000454383   0.00234864   0.00593339   0.00948087    0.0102638 -2.21197e-06 -1.22179e-05 -4.11906e-05 -5.46259e-05  0.000183412   0.00116855    0.0031026    0.0050695   0.00555816 -1.17365e-06 -6.63444e-06 -2.35727e-05 -3.96228e-05  5.45708e-05  0.000502531   0.00142001   0.00238089   0.00264751 -5.47132e-07 -3.15582e-06 -1.17021e-05 -2.28883e-05  7.69265e-06  0.000185491  0.000568068  0.000981655     0.001109 -2.24178e-07 -1.31617e-06 -5.05657e-06 -1.10001e-05 -3.36533e-06  5.80887e-05  0.000198268  0.000355113  0.000408409
-1.08321e-06 -7.40993e-06 -2.56304e-05  3.51983e-05  0.000889871   0.00492516    0.0157628    0.0332049    0.0481381 -1.07506e-06 -7.57406e-06 -2.88493e-05  5.96708e-06  0.000723666   0.00428725    0.0140588    0.0299874    0.0438054 -9.37852e-07 -6.77959e-06 -2.78388e-05 -1.74761e-05  0.000506407    0.0032696    0.0110231    0.0238365    0.0351057 -7.19357e-07 -5.31933e-06 -2.32026e-05 -2.91071e-05   0.00030196   0.00218216   0.00759557    0.0166745    0.0247747 -4.85258e-07 -3.66122e-06 -1.67835e-05 -2.92433e-05  0.000150783   0.00127272   0.00459786    0.0102638    0.0153953 -2.87946e-07 -2.21197e-06 -1.05711e-05  -2.2548e-05  6.08638e-05  0.000647448   0.00244397   0.00555816   0.00842328 -1.50329e-07 -1.17365e-06  -5.8112e-06 -1.42536e-05  1.81089e-05  0.000286536    0.0011401   0.00264751    0.0040574  -6.9062e-08 -5.47132e-07 -2.79304e-06 -7.59537e-06  2.55274e-06  0.000109914  0.000466451     0.001109   0.00172045  -2.7923e-08 -2.24178e-07 -1.17524e-06 -3.46118e-06 -1.11676e-06  3.63457e-05  0.000167236  0.000408409  0.000642122
   0.0438054    0.0299874    0.0140588   0.00428725  0.000723666  5.96708e-06 -2.88493e-05 -7.57406e-06 -1.07506e-06    0.0455436    0.0309887    0.0143815   0.00429697   0.00068141 -1.52769e-05 -3.45482e-05 -8.55955e-06 -1.19135e-06    0.0417175    0.0282039    0.0129471   0.00378169  0.000555901 -3.46545e-05 -3.60261e-05 -8.49926e-06 -1.16209e-06    0.0336655    0.0226063    0.0102563   0.00292089   0.00039069 -4.54948e-05  -3.2789e-05 -7.41774e-06  -9.9788e-07     0.023934    0.0159564   0.00714799    0.0019786  0.000234412 -4.54625e-05 -2.60922e-05 -5.69185e-06 -7.54397e-07    0.0149897   0.00991736   0.00438194   0.00117452  0.000118196 -3.71336e-05 -1.81775e-05 -3.84093e-06 -5.02162e-07   0.00826997    0.0054272   0.00236234  0.000610325  4.85449e-05 -2.55308e-05 -1.10981e-05  -2.2799e-06 -2.94337e-07   0.00401908   0.00261478   0.00111969  0.000277257  1.50298e-05 -1.49991e-05 -5.94292e-06 -1.19063e-06 -1.51926e-07   0.00172045     0.001109  0.000466451  0.000109914  2.55274e-06 -7.59537e-06 -2.79304e-06 -5.47132e-07  -6.9062e-08
   0.0299874    0.0285809    0.0188404     0.008269   0.00218076  0.000199399 -7.86611e-05 -3.63252e-05 -7.57406e-06    0.0309887    0.0293285    0.0191164   0.00821502   0.00205342  0.000123033 -0.000105411 -4.25105e-05 -8.55955e-06    0.0282039    0.0264929    0.0170568   0.00715736    0.0016752   3.1634e-05 -0.000119283  -4.3502e-05 -8.49926e-06    0.0226063    0.0210641    0.0133799    0.0054641   0.00117734 -4.32463e-05 -0.000115542 -3.89768e-05 -7.41774e-06    0.0159564    0.0147393   0.00922424   0.00365128  0.000706398 -8.22158e-05 -9.65733e-05 -3.06072e-05 -5.69185e-06   0.00991736    0.0090753   0.00558696   0.00213272  0.000356183 -8.54712e-05   -7.001e-05 -2.10818e-05 -3.84093e-06    0.0054272   0.00491618   0.00297164   0.00108692  0.000146289 -6.69448e-05 -4.41734e-05 -1.27449e-05  -2.2799e-06   0.00261478   0.00234257   0.00138728  0.000482129  4.52922e-05 -4.27018e-05 -2.43183e-05 -6.76616e-06 -1.19063e-06     0.001109  0.000981655  0.000568068  0.000185491  7.69265e-06 -2.28883e-05 -1.17021e-05 -3.15582e-06 -5.47132e-07
   0.0140588    0.0188404    0.0177062     0.011409   0.00479512   0.00112751  2.46438e-05 -7.86611e-05 -2.88493e-05    0.0143815    0.0191164    0.0177463    0.0112015   0.00451513  0.000931645 -6.30932e-05 -0.000105411 -3.45482e-05    0.0129471    0.0170568    0.0156183    0.0096255   0.00368348  0.000621952 -0.000143122 -0.000119283 -3.60261e-05    0.0102563    0.0133799    0.0120632   0.00722893   0.00258877  0.000305565 -0.000187892 -0.000115542  -3.2789e-05   0.00714799   0.00922424   0.00817156   0.00473611   0.00155325  7.02953e-05 -0.000187758 -9.65733e-05 -2.60922e-05   0.00438194   0.00558696    0.0048507   0.00270002  0.000783187 -5.29832e-05  -0.00015336   -7.001e-05 -1.81775e-05   0.00236234   0.00297164   0.00252062    0.0013346  0.000321666 -8.57284e-05 -0.000105441 -4.41734e-05 -1.10981e-05   0.00111969   0.00138728   0.00114506  0.000568949    9.959e-05 -7.06902e-05 -6.19457e-05 -2.43183e-05 -5.94292e-06  0.000466451  0.000568068  0.000453941  0.000207448  1.69148e-05 -4.34181e-05 -3.13686e-05 -1.17021e-05 -2.79304e-06
  0.00428725     0.008269     0.011409    0.0111814   0.00769334   0.00363717   0.00112751  0.000199399  5.96708e-06   0.00429697   0.00821502    0.0112015     0.010797   0.00724411   0.00328183  0.000931645  0.000123033 -1.52769e-05   0.00378169   0.00715736    0.0096255   0.00909345   0.00590982   0.00252553  0.000621952   3.1634e-05 -3.46545e-05   0.00292089    0.0054641   0.00722893   0.00666257   0.00415345   0.00163033  0.000305565 -4.32463e-05 -4.54948e-05    0.0019786   0.00365128   0.00473611   0.00423094   0.00249205   0.00085391  7.02953e-05 -8.22158e-05 -4.54625e-05   0.00117452   0.00213272   0.00270002   0.00231594   0.00125655  0.000333343 -5.29832e-05 -8.54712e-05 -3.71336e-05  0.000610325   0.00108692    0.0013346   0.00108328  0.000516084  6.65817e-05 -8.57284e-05 -6.69448e-05 -2.55308e-05  0.000277257  0.000482129  0.000568949  0.000426557  0.000159783  -2.7923e-05 -7.06902e-05 -4.27018e-05 -1.49991e-05  0.000109914  0.000185491  0.000207448  0.000137313  2.71383e-05 -3.92772e-05 -4.34181e-05 -2.28883e-05 -7.59537e-06
 0.000723666   0.00218076   0.00479512   0.00769334   0.00900645   0.00769334   0.00479512   0.00218076  0.000723666   0.00068141   0.00205342   0.00451513   0.00724411   0.00848054   0.00724411   0.00451513   0.00205342   0.00068141  0.000555901    0.0016752   0.00368348   0.00590982   0.00691851   0.00590982   0.00368348    0.0016752  0.000555901   0.00039069   0.00117734   0.00258877   0.00415345   0.00486237   0.00415345   0.00258877   0.00117734   0.00039069  0.000234412  0.000706398   0.00155325   0.00249205    0.0029174   0.00249205   0.00155325  0.000706398  0.000234412  0.000118196  0.000356183  0.000783187   0.00125655   0.00147102   0.00125655  0.000783187  0.000356183  0.000118196  4.85449e-05  0.000146289  0.000321666  0.000516084   0.00060417  0.000516084  0.000321666  0.000146289  4.85449e-05  1.50298e-05  4.52922e-05    9.959e-05  0.000159783  0.000187055  0.000159783    9.959e-05  4.52922e-05  1.50298e-05  2.55274e-06  7.69265e-06  1.69148e-05  2.71383e-05  3.17703e-05  2.71383e-05  1.69148e-05  7.69265e-06  2.55274e-06
 5.96708e-06  0.000199399   0.00112751   0.00363717   0.00769334    0.0111814     0.011409     0.008269   0.00428725 -1.52769e-05  0.000123033  0.000931645   0.00328183   0.00724411     0.010797    0.0112015   0.00821502   0.00429697 -3.46545e-05   3.1634e-05  0.000621952   0.00252553   0.00590982   0.00909345    0.0096255   0.00715736   0.00378169 -4.54948e-05 -4.32463e-05  0.000305565   0.00163033   0.00415345   0.00666257   0.00722893    0.0054641   0.00292089 -4.54625e-05 -8.22158e-05  7.02953e-05   0.00085391   0.00249205   0.00423094   0.00473611   0.00365128    0.0019786 -3.71336e-05 -8.54712e-05 -5.29832e-05  0.000333343   0.00125655   0.00231594   0.00270002   0.00213272   0.00117452 -2.55308e-05 -6.69448e-05 -8.57284e-05  6.65817e-05  0.000516084   0.00108328    0.0013346   0.00108692  0.000610325 -1.49991e-05 -4.27018e-05 -7.06902e-05  -2.7923e-05  0.000159783  0.000426557  0.000568949  0.000482129  0.000277257 -7.59537e-06 -2.28883e-05 -4.34181e-05 -3.92772e-05  2.71383e-05  0.000137313  0.000207448  0.000185491  0.000109914
-2.88493e-05 -7.86611e-05  2.46438e-05   0.00112751   0.00479512     0.011409    0.0177062    0.0188404    0.0140588 -3.45482e-05 -0.000105411 -6.30932e-05  0.000931645   0.00451513    0.0112015    0.0177463    0.0191164    0.0143815 -3.60261e-05 -0.000119283 -0.000143122  0.000621952   0.00368348    0.0096255    0.0156183    0.0170568    0.0129471  -3.2789e-05 -0.000115542 -0.000187892  0.000305565   0.00258877   0.00722893    0.0120632    0.0133799    0.0102563 -2.60922e-05 -9.65733e-05 -0.000187758  7.02953e-05   0.00155325   0.00473611   0.00817156   0.00922424   0.00714799 -1.81775e-05   -7.001e-05  -0.00015336 -5.29832e-05  0.000783187   0.00270002    0.0048507   0.00558696   0.00438194 -1.10981e-05 -4.41734e-05 -0.000105441 -8.57284e-05  0.000321666    0.0013346   0.00252062   0.00297164   0.00236234 -5.94292e-06 -2.43183e-05 -6.19457e-05 -7.06902e-05    9.959e-05  0.000568949   0.00114506   0.00138728   0.00111969 -2.79304e-06 -1.17021e-05 -3.13686e-05 -4.34181e-05  1.69148e-05  0.000207448  0.000453941  0.000568068  0.000466451
-7.57406e-06 -3.63252e-05 -7.86611e-05  0.000199399   0.00218076     0.008269    0.0188404    0.0285809    0.0299874 -8.55955e-06 -4.25105e-05 -0.000105411  0.000123033   0.00205342   0.00821502    0.0191164    0.0293285    0.0309887 -8.49926e-06  -4.3502e-05 -0.000119283   3.1634e-05    0.0016752   0.00715736    0.0170568    0.0264929    0.0282039 -7.41774e-06 -3.89768e-05 -0.000115542 -4.32463e-05   0.00117734    0.0054641    0.0133799    0.0210641    0.0226063 -5.69185e-06 -3.06072e-05 -9.65733e-05 -8.22158e-05  0.000706398   0.00365128   0.00922424    0.0147393    0.0159564 -3.84093e-06 -2.10818e-05   -7.001e-05 -8.54712e-05  0.000356183   0.00213272   0.00558696    0.0090753   0.00991736  -2.2799e-06 -1.27449e-05 -4.41734e-05 -6.69448e-05  0.000146289   0.00108692   0.00297164   0.00491618    0.0054272 -1.19063e-06 -6.76616e-06 -2.43183e-05 -4.27018e-05  4.52922e-05  0.000482129   0.00138728   0.00234257   0.00261478 -5.47132e-07 -3.15582e-06 -1.17021e-05 -2.28883e-05  7.69265e-06  0.000185491  0.000568068  0.000981655     0.001109
-1.07506e-06 -7.57406e-06 -2.88493e-05  5.96708e-06  0.000723666   0.00428725    0.0140588    0.0299874    0.0438054 -1.19135e-06 -8.55955e-06 -3.45482e-05 -1.52769e-05   0.00068141   0.00429697    0.0143815    0.0309887    0.0455436 -1.16209e-06 -8.49926e-06 -3.60261e-05 -3.46545e-05  0.000555901   0.00378169    0.0129471    0.0282039    0.0417175  -9.9788e-07 -7.41774e-06  -3.2789e-05 -4.54948e-05   0.00039069   0.00292089    0.0102563    0.0226063    0.0336655 -7.54397e-07 -5.69185e-06 -2.60922e-05 -4.54625e-05  0.000234412    0.0019786   0.00714799    0.0159564     0.023934 -5.02162e-07 -3.84093e-06 -1.81775e-05 -3.71336e-05  0.000118196   0.00117452   0.00438194   0.00991736    0.0149897 -2.94337e-07  -2.2799e-06 -1.10981e-05 -2.55308e-05  4.85449e-05  0.000610325   0.00236234    0.0054272   0.00826997 -1.51926e-07 -1.19063e-06 -5.94292e-06 -1.49991e-05  1.50298e-05  0.000277257   0.00111969   0.00261478   0.00401908  -6.9062e-08 -5.47132e-07 -2.79304e-06 -7.59537e-06  2.55274e-06  0.000109914  0.000466451     0.001109   0.00172045
   0.0351057    0.0238365    0.0110231    0.0032696  0.000506407 -1.74761e-05 -2.78388e-05 -6.77959e-06 -9.37852e-07    0.0417175    0.0282039    0.0129471   0.00378169  0.000555901 -3.46545e-05 -3.60261e-05 -8.49926e-06 -1.16209e-06    0.0436905    0.0294057    0.0133949   0.00384826  0.000532509 -5.13307e-05  -4.0918e-05 -9.38071e-06 -1.26859e-06    0.0403255    0.0270149    0.0122061   0.00344466  0.000444057 -6.17355e-05 -4.08107e-05 -9.11605e-06 -1.22011e-06    0.0328014    0.0218682   0.00979627   0.00271166   0.00032126 -6.23061e-05 -3.57592e-05 -7.80064e-06  -1.0339e-06    0.0235137    0.0155974    0.0069242   0.00187683  0.000200639 -5.36402e-05  -2.7537e-05  -5.8781e-06 -7.71917e-07    0.0148546   0.00980188   0.00430996   0.00114178  0.000107334 -3.97637e-05 -1.86422e-05 -3.90083e-06 -5.07797e-07   0.00826997    0.0054272   0.00236234  0.000610325  4.85449e-05 -2.55308e-05 -1.10981e-05  -2.2799e-06 -2.94337e-07    0.0040574   0.00264751    0.0011401  0.000286536  1.81089e-05 -1.42536e-05  -5.8112e-06 -1.17365e-06 -1.50329e-07
   0.0238365    0.0225043    0.0146101   0.00623086   0.00152605  7.24701e-05  -8.7523e-05 -3.40266e-05 -6.77959e-06    0.0282039    0.0264929    0.0170568   0.00715736    0.0016752   3.1634e-05 -0.000119283  -4.3502e-05 -8.49926e-06    0.0294057    0.0274754    0.0175334   0.00722838   0.00160471  -2.5868e-05 -0.000141465 -4.88803e-05 -9.38071e-06    0.0270149     0.025101    0.0158678   0.00641626   0.00133816 -8.02096e-05 -0.000146364 -4.82866e-05 -9.11605e-06    0.0218682    0.0202001    0.0126418   0.00500405  0.000968114 -0.000112676 -0.000132353  -4.1947e-05 -7.80064e-06    0.0155974    0.0143189   0.00886519   0.00342749  0.000604622 -0.000115989 -0.000104751  -3.2052e-05  -5.8781e-06   0.00980188   0.00894012   0.00547148   0.00206074   0.00032345 -9.63335e-05 -7.26401e-05 -2.15465e-05 -3.90083e-06    0.0054272   0.00491618   0.00297164   0.00108692  0.000146289 -6.69448e-05 -4.41734e-05 -1.27449e-05  -2.2799e-06   0.00264751   0.00238089   0.00142001  0.000502531  5.45708e-05 -3.96228e-05 -2.35727e-05 -6.63444e-06 -1.17365e-06
   0.0110231    0.0146101    0.0135033   0.00845911   0.00335553  0.000654275 -7.21754e-05  -8.7523e-05 -2.78388e-05    0.0129471    0.0170568    0.0156183    0.0096255   0.00368348  0.000621952 -0.000143122 -0.000119283 -3.60261e-05    0.0133949    0.0175334    0.0158932   0.00961857   0.00352849  0.000482935 -0.000211994 -0.000141465  -4.0918e-05    0.0122061    0.0158678    0.0142263   0.00843648   0.00294239  0.000284913 -0.000254965 -0.000146364 -4.08107e-05   0.00979627    0.0126418    0.0111991   0.00649081   0.00212872  9.63393e-05 -0.000257322 -0.000132353 -3.57592e-05    0.0069242   0.00886519   0.00775122   0.00437706   0.00132946 -3.14811e-05 -0.000221532 -0.000104751  -2.7537e-05   0.00430996   0.00547148   0.00471552   0.00258454  0.000711212 -8.57165e-05 -0.000164223 -7.26401e-05 -1.86422e-05   0.00236234   0.00297164   0.00252062    0.0013346  0.000321666 -8.57284e-05 -0.000105441 -4.41734e-05 -1.10981e-05    0.0011401   0.00142001   0.00118338  0.000601683  0.000119992 -6.14116e-05 -5.88667e-05 -2.35727e-05  -5.8112e-06
   0.0032696   0.00623086   0.00845911   0.00810272   0.00538364   0.00239708  0.000654275  7.24701e-05 -1.74761e-05   0.00378169   0.00715736    0.0096255   0.00909345   0.00590982   0.00252553  0.000621952   3.1634e-05 -3.46545e-05   0.00384826   0.00722838   0.00961857   0.00894383   0.00566114   0.00229519  0.000482935  -2.5868e-05 -5.13307e-05   0.00344466   0.00641626   0.00843648   0.00770149    0.0047208   0.00178443  0.000284913 -8.02096e-05 -6.17355e-05   0.00271166   0.00500405   0.00649081   0.00579847   0.00341534   0.00117028  9.63393e-05 -0.000112676 -6.23061e-05   0.00187683   0.00342749   0.00437706    0.0038106     0.002133   0.00063012 -3.14811e-05 -0.000115989 -5.36402e-05   0.00114178   0.00206074   0.00258454   0.00218075   0.00114108  0.000261368 -8.57165e-05 -9.63335e-05 -3.97637e-05  0.000610325   0.00108692    0.0013346   0.00108328  0.000516084  6.65817e-05 -8.57284e-05 -6.69448e-05 -2.55308e-05  0.000286536  0.000502531  0.000601683  0.000464877  0.000192516 -7.52088e-06 -6.14116e-05 -3.96228e-05 -1.42536e-05
 0.000506407   0.00152605   0.00335553   0.00538364   0.00630253   0.00538364   0.00335553   0.00152605  0.000506407  0.000555901    0.0016752   0.00368348   0.00590982   0.00691851   0.00590982   0.00368348    0.0016752  0.000555901  0.000532509   0.00160471   0.00352849   0.00566114   0.00662739   0.00566114   0.00352849   0.00160471  0.000532509  0.000444057   0.00133816   0.00294239    0.0047208   0.00552655    0.0047208   0.00294239   0.00133816  0.000444057   0.00032126  0.000968114   0.00212872   0.00341534   0.00399827   0.00341534   0.00212872  0.000968114   0.00032126  0.000200639  0.000604622   0.00132946     0.002133   0.00249706     0.002133   0.00132946  0.000604622  0.000200639  0.000107334   0.00032345  0.000711212   0.00114108   0.00133583   0.00114108  0.000711212   0.00032345  0.000107334  4.85449e-05  0.000146289  0.000321666  0.000516084   0.00060417  0.000516084  0.000321666  0.000146289  4.85449e-05  1.81089e-05  5.45708e-05  0.000119992  0.000192516  0.000225375  0.000192516  0.000119992  5.45708e-05  1.81089e-05
-1.74761e-05  7.24701e-05  0.000654275   0.00239708   0.00538364   0.00810272   0.00845911   0.00623086    0.0032696 -3.46545e-05   3.1634e-05  0.000621952   0.00252553   0.00590982   0.00909345    0.0096255   0.00715736   0.00378169 -5.13307e-05  -2.5868e-05  0.000482935   0.00229519   0.00566114   0.00894383   0.00961857   0.00722838   0.00384826 -6.17355e-05 -8.02096e-05  0.000284913   0.00178443    0.0047208   0.00770149   0.00843648   0.00641626   0.00344466 -6.23061e-05 -0.000112676  9.63393e-05   0.00117028   0.00341534   0.00579847   0.00649081   0.00500405   0.00271166 -5.36402e-05 -0.000115989 -3.14811e-05   0.00063012     0.002133    0.0038106   0.00437706   0.00342749   0.00187683 -3.97637e-05 -9.63335e-05 -8.57165e-05  0.000261368   0.00114108   0.00218075   0.00258454   0.00206074   0.00114178 -2.55308e-05 -6.69448e-05 -8.57284e-05  6.65817e-05  0.000516084   0.00108328    0.0013346   0.00108692  0.000610325 -1.42536e-05 -3.96228e-05 -6.14116e-05 -7.52088e-06  0.000192516  0.000464877  0.000601683  0.000502531  0.000286536
-2.78388e-05  -8.7523e-05 -7.21754e-05  0.000654275   0.00335553   0.00845911    0.0135033    0.0146101    0.0110231 -3.60261e-05 -0.000119283 -0.000143122  0.000621952   0.00368348    0.0096255    0.0156183    0.0170568    0.0129471  -4.0918e-05 -0.000141465 -0.000211994  0.000482935   0.00352849   0.00961857    0.0158932    0.0175334    0.0133949 -4.08107e-05 -0.000146364 -0.000254965  0.000284913   0.00294239   0.00843648    0.0142263    0.0158678    0.0122061 -3.57592e-05 -0.000132353 -0.000257322  9.63393e-05   0.00212872   0.00649081    0.0111991    0.0126418   0.00979627  -2.7537e-05 -0.000104751 -0.000221532 -3.14811e-05   0.00132946   0.00437706   0.00775122   0.00886519    0.0069242 -1.86422e-05 -7.26401e-05 -0.000164223 -8.57165e-05  0.000711212   0.00258454   0.00471552   0.00547148   0.00430996 -1.10981e-05 -4.41734e-05 -0.000105441 -8.57284e-05  0.000321666    0.0013346   0.00252062   0.00297164   0.00236234  -5.8112e-06 -2.35727e-05 -5.88667e-05 -6.14116e-05  0.000119992  0.000601683   0.00118338   0.00142001    0.0011401
-6.77959e-06 -3.40266e-05  -8.7523e-05  7.24701e-05   0.00152605   0.00623086    0.0146101    0.0225043    0.0238365 -8.49926e-06  -4.3502e-05 -0.000119283   3.1634e-05    0.0016752   0.00715736    0.0170568    0.0264929    0.0282039 -9.38071e-06 -4.88803e-05 -0.000141465  -2.5868e-05   0.00160471   0.00722838    0.0175334    0.0274754    0.0294057 -9.11605e-06 -4.82866e-05 -0.000146364 -8.02096e-05   0.00133816   0.00641626    0.0158678     0.025101    0.0270149 -7.80064e-06  -4.1947e-05 -0.000132353 -0.000112676  0.000968114   0.00500405    0.0126418    0.0202001    0.0218682  -5.8781e-06  -3.2052e-05 -0.000104751 -0.000115989  0.000604622   0.00342749   0.00886519    0.0143189    0.0155974 -3.90083e-06 -2.15465e-05 -7.26401e-05 -9.63335e-05   0.00032345   0.00206074   0.00547148   0.00894012   0.00980188  -2.2799e-06 -1.27449e-05 -4.41734e-05 -6.69448e-05  0.000146289   0.00108692   0.00297164   0.00491618    0.0054272 -1.17365e-06 -6.63444e-06 -2.35727e-05 -3.96228e-05  5.45708e-05  0.000502531   0.00142001   0.00238089   0.00264751
-9.37852e-07 -6.77959e-06 -2.78388e-05 -1.74761e-05  0.000506407    0.0032696    0.0110231    0.0238365    0.0351057 -1.16209e-06 -8.49926e-06 -3.60261e-05 -3.46545e-05  0.000555901   0.00378169    0.0129471    0.0282039    0.0417175 -1.26859e-06 -9.38071e-06  -4.0918e-05 -5.13307e-05  0.000532509   0.00384826    0.0133949    0.0294057    0.0436905 -1.22011e-06 -9.11605e-06 -4.08107e-05 -6.17355e-05  0.000444057   0.00344466    0.0122061    0.0270149    0.0403255  -1.0339e-06 -7.80064e-06 -3.57592e-05 -6.23061e-05   0.00032126   0.00271166   0.00979627    0.0218682    0.0328014 -7.71917e-07  -5.8781e-06  -2.7537e-05 -5.36402e-05  0.000200639   0.00187683    0.0069242    0.0155974    0.0235137 -5.07797e-07 -3.90083e-06 -1.86422e-05 -3.97637e-05  0.000107334   0.00114178   0.00430996   0.00980188    0.0148546 -2.94337e-07  -2.2799e-06 -1.10981e-05 -2.55308e-05  4.85449e-05  0.000610325   0.00236234    0.0054272   0.00826997 -1.50329e-07 -1.17365e-06  -5.8112e-06 -1.42536e-05  1.81089e-05  0.000286536    0.0011401   0.00264751    0.0040574
   0.0247747    0.0166745   0.00759557   0.00218216   0.00030196 -2.91071e-05 -2.32026e-05 -5.31933e-06 -7.19357e-07    0.0336655    0.0226063    0.0102563   0.00292089   0.00039069 -4.54948e-05  -3.2789e-05 -7.41774e-06  -9.9788e-07    0.0403255    0.0270149    0.0122061   0.00344466  0.000444057 -6.17355e-05 -4.08107e-05 -9.11605e-06 -1.22011e-06    0.0425786    0.0284559    0.0128029   0.00357903  0.000443169  -7.2963e-05 -4.47399e-05 -9.87341e-06 -1.31494e-06    0.0396295    0.0264204    0.0118355   0.00327614  0.000388136  -7.5276e-05  -4.3203e-05 -9.42445e-06 -1.24912e-06    0.0325134    0.0216221   0.00964292   0.00264192  0.000298117 -6.79098e-05 -3.67492e-05 -7.92827e-06  -1.0459e-06    0.0235137    0.0155974    0.0069242   0.00187683  0.000200639 -5.36402e-05  -2.7537e-05  -5.8781e-06 -7.71917e-07    0.0149897   0.00991736   0.00438194   0.00117452  0.000118196 -3.71336e-05 -1.81775e-05 -3.84093e-06 -5.02162e-07   0.00842328   0.00555816   0.00244397  0.000647448  6.08638e-05  -2.2548e-05 -1.05711e-05 -2.21197e-06 -2.87946e-07
   0.0166745    0.0155799   0.00994234   0.00409886  0.000909951 -1.46685e-05 -8.02178e-05 -2.77176e-05 -5.31933e-06    0.0226063    0.0210641    0.0133799    0.0054641   0.00117734 -4.32463e-05 -0.000115542 -3.89768e-05 -7.41774e-06    0.0270149     0.025101    0.0158678   0.00641626   0.00133816 -8.02096e-05 -0.000146364 -4.82866e-05 -9.11605e-06    0.0284559    0.0263635    0.0165836    0.0066364   0.00133548 -0.000115208 -0.000163097 -5.27022e-05 -9.87341e-06    0.0264204     0.024405    0.0152733   0.00604572   0.00116964 -0.000136131 -0.000159904 -5.06789e-05 -9.42445e-06    0.0216221     0.019912    0.0123957    0.0048507  0.000898372 -0.000135819 -0.000137957  -4.2937e-05 -7.92827e-06    0.0155974    0.0143189   0.00886519   0.00342749  0.000604622 -0.000115989 -0.000104751  -3.2052e-05  -5.8781e-06   0.00991736    0.0090753   0.00558696   0.00213272  0.000356183 -8.54712e-05   -7.001e-05 -2.10818e-05 -3.84093e-06   0.00555816    0.0050695    0.0031026   0.00116855  0.000183412 -5.46259e-05 -4.11906e-05 -1.22179e-05 -2.21197e-06
  0.00759557   0.00994234   0.00901222   0.00545421   0.00200083  0.000273848 -0.000120211 -8.02178e-05 -2.32026e-05    0.0102563    0.0133799    0.0120632   0.00722893   0.00258877  0.000305565 -0.000187892 -0.000115542  -3.2789e-05    0.0122061    0.0158678    0.0142263   0.00843648   0.00294239  0.000284913 -0.000254965 -0.000146364 -4.08107e-05    0.0128029    0.0165836    0.0147813   0.00866879   0.00293651  0.000213709 -0.000301334 -0.000163097 -4.47399e-05    0.0118355    0.0152733    0.0135303   0.00784197   0.00257185  0.000116394 -0.000310887 -0.000159904  -4.3203e-05   0.00964292    0.0123957     0.010911   0.00624477   0.00197537  2.65973e-05 -0.000280465 -0.000137957 -3.67492e-05    0.0069242   0.00886519   0.00775122   0.00437706   0.00132946 -3.14811e-05 -0.000221532 -0.000104751  -2.7537e-05   0.00438194   0.00558696    0.0048507   0.00270002  0.000783187 -5.29832e-05  -0.00015336   -7.001e-05 -1.81775e-05   0.00244397    0.0031026   0.00267393   0.00146557  0.000403293 -4.86056e-05 -9.31225e-05 -4.11906e-05 -1.05711e-05
  0.00218216   0.00409886   0.00545421    0.0050716   0.00321015   0.00130149  0.000273848 -1.46685e-05 -2.91071e-05   0.00292089    0.0054641   0.00722893   0.00666257   0.00415345   0.00163033  0.000305565 -4.32463e-05 -4.54948e-05   0.00344466   0.00641626   0.00843648   0.00770149    0.0047208   0.00178443  0.000284913 -8.02096e-05 -6.17355e-05   0.00357903    0.0066364   0.00866879   0.00783194   0.00471136   0.00170321  0.000213709 -0.000115208  -7.2963e-05   0.00327614   0.00604572   0.00784197   0.00700551   0.00412629   0.00141389  0.000116394 -0.000136131  -7.5276e-05   0.00264192    0.0048507   0.00624477   0.00551044    0.0031693   0.00101693  2.65973e-05 -0.000135819 -6.79098e-05   0.00187683   0.00342749   0.00437706    0.0038106     0.002133   0.00063012 -3.14811e-05 -0.000115989 -5.36402e-05   0.00117452   0.00213272   0.00270002   0.00231594   0.00125655  0.000333343 -5.29832e-05 -8.54712e-05 -3.71336e-05  0.000647448   0.00116855   0.00146557    0.0012366  0.000647047  0.000148209 -4.86056e-05 -5.46259e-05  -2.2548e-05
  0.00030196  0.000909951   0.00200083   0.00321015   0.00375806   0.00321015   0.00200083  0.000909951   0.00030196   0.00039069   0.00117734   0.00258877   0.00415345   0.00486237   0.00415345   0.00258877   0.00117734   0.00039069  0.000444057   0.00133816   0.00294239    0.0047208   0.00552655    0.0047208   0.00294239   0.00133816  0.000444057  0.000443169   0.00133548   0.00293651   0.00471136    0.0055155   0.00471136   0.00293651   0.00133548  0.000443169  0.000388136   0.00116964   0.00257185   0.00412629   0.00483057   0.00412629   0.00257185   0.00116964  0.000388136  0.000298117  0.000898372   0.00197537    0.0031693   0.00371024    0.0031693   0.00197537  0.000898372  0.000298117  0.000200639  0.000604622   0.00132946     0.002133   0.00249706     0.002133   0.00132946  0.000604622  0.000200639  0.000118196  0.000356183  0.000783187   0.00125655   0.00147102   0.00125655  0.000783187  0.000356183  0.000118196  6.08638e-05  0.000183412  0.000403293  0.000647047  0.000757485  0.000647047  0.000403293  0.000183412  6.08638e-05
-2.91071e-05 -1.46685e-05  0.000273848   0.00130149   0.00321015    0.0050716   0.00545421   0.00409886   0.00218216 -4.54948e-05 -4.32463e-05  0.000305565   0.00163033   0.00415345   0.00666257   0.00722893    0.0054641   0.00292089 -6.17355e-05 -8.02096e-05  0.000284913   0.00178443    0.0047208   0.00770149   0.00843648   0.00641626   0.00344466  -7.2963e-05 -0.000115208  0.000213709   0.00170321   0.00471136   0.00783194   0.00866879    0.0066364   0.00357903  -7.5276e-05 -0.000136131  0.000116394   0.00141389   0.00412629   0.00700551   0.00784197   0.00604572   0.00327614 -6.79098e-05 -0.000135819  2.65973e-05   0.00101693    0.0031693   0.00551044   0.00624477    0.0048507   0.00264192 -5.36402e-05 -0.000115989 -3.14811e-05   0.00063012     0.002133    0.0038106   0.00437706   0.00342749   0.00187683 -3.71336e-05 -8.54712e-05 -5.29832e-05  0.000333343   0.00125655   0.00231594   0.00270002   0.00213272   0.00117452  -2.2548e-05 -5.46259e-05 -4.86056e-05  0.000148209  0.000647047    0.0012366   0.00146557   0.00116855  0.000647448
-2.32026e-05 -8.02178e-05 -0.000120211  0.000273848   0.00200083   0.00545421   0.00901222   0.00994234   0.00759557  -3.2789e-05 -0.000115542 -0.000187892  0.000305565   0.00258877   0.00722893    0.0120632    0.0133799    0.0102563 -4.08107e-05 -0.000146364 -0.000254965  0.000284913   0.00294239   0.00843648    0.0142263    0.0158678    0.0122061 -4.47399e-05 -0.000163097 -0.000301334  0.000213709   0.00293651   0.00866879    0.0147813    0.0165836    0.0128029  -4.3203e-05 -0.000159904 -0.000310887  0.000116394   0.00257185   0.00784197    0.0135303    0.0152733    0.0118355 -3.67492e-05 -0.000137957 -0.000280465  2.65973e-05   0.00197537   0.00624477     0.010911    0.0123957   0.00964292  -2.7537e-05 -0.000104751 -0.000221532 -3.14811e-05   0.00132946   0.00437706   0.00775122   0.00886519    0.0069242 -1.81775e-05   -7.001e-05  -0.00015336 -5.29832e-05  0.000783187   0.00270002    0.0048507   0.00558696   0.00438194 -1.05711e-05 -4.11906e-05 -9.31225e-05 -4.86056e-05  0.000403293   0.00146557   0.00267393    0.0031026   0.00244397
-5.31933e-06 -2.77176e-05 -8.02178e-05 -1.46685e-05  0.000909951   0.00409886   0.00994234    0.0155799    0.0166745 -7.41774e-06 -3.89768e-05 -0.000115542 -4.32463e-05   0.00117734    0.0054641    0.0133799    0.0210641    0.0226063 -9.11605e-06 -4.82866e-05 -0.000146364 -8.02096e-05   0.00133816   0.00641626    0.0158678     0.025101    0.0270149 -9.87341e-06 -5.27022e-05 -0.000163097 -0.000115208   0.00133548    0.0066364    0.0165836    0.0263635    0.0284559 -9.42445e-06 -5.06789e-05 -0.000159904 -0.000136131   0.00116964   0.00604572    0.0152733     0.024405    0.0264204 -7.92827e-06  -4.2937e-05 -0.000137957 -0.000135819  0.000898372    0.0048507    0.0123957     0.019912    0.0216221  -5.8781e-06  -3.2052e-05 -0.000104751 -0.000115989  0.000604622   0.00342749   0.00886519    0.0143189    0.0155974 -3.84093e-06 -2.10818e-05   -7.001e-05 -8.54712e-05  0.000356183   0.00213272   0.00558696    0.0090753   0.00991736 -2.21197e-06 -1.22179e-05 -4.11906e-05 -5.46259e-05  0.000183412   0.00116855    0.0031026    0.0050695   0.00555816
-7.19357e-07 -5.31933e-06 -2.32026e-05 -2.91071e-05   0.00030196   0.00218216   0.00759557    0.0166745    0.0247747  -9.9788e-07 -7.41774e-06  -3.2789e-05 -4.54948e-05   0.00039069   0.00292089    0.0102563    0.0226063    0.0336655 -1.22011e-06 -9.11605e-06 -4.08107e-05 -6.17355e-05  0.000444057   0.00344466    0.0122061    0.0270149    0.0403255 -1.31494e-06 -9.87341e-06 -4.47399e-05  -7.2963e-05  0.000443169   0.00357903    0.0128029    0.0284559    0.0425786 -1.24912e-06 -9.42445e-06  -4.3203e-05  -7.5276e-05  0.000388136   0.00327614    0.0118355    0.0264204    0.0396295  -1.0459e-06 -7.92827e-06 -3.67492e-05 -6.79098e-05  0.000298117   0.00264192   0.00964292    0.0216221    0.0325134 -7.71917e-07  -5.8781e-06  -2.7537e-05 -5.36402e-05  0.000200639   0.00187683    0.0069242    0.0155974    0.0235137 -5.02162e-07 -3.84093e-06 -1.81775e-05 -3.71336e-05  0.000118196   0.00117452   0.00438194   0.00991736    0.0149897 -2.87946e-07 -2.21197e-06 -1.05711e-05  -2.2548e-05  6.08638e-05  0.000647448   0.00244397   0.00555816   0.00842328
   0.0153953    0.0102638   0.00459786   0.00127272  0.000150783 -2.92433e-05 -1.67835e-05 -3.66122e-06 -4.85258e-07     0.023934    0.0159564   0.00714799    0.0019786  0.000234412 -4.54625e-05 -2.60922e-05 -5.69185e-06 -7.54397e-07    0.0328014    0.0218682   0.00979627   0.00271166   0.00032126 -6.23061e-05 -3.57592e-05 -7.80064e-06  -1.0339e-06    0.0396295    0.0264204    0.0118355   0.00327614  0.000388136  -7.5276e-05  -4.3203e-05 -9.42445e-06 -1.24912e-06     0.042208    0.0281393    0.0126056   0.00348929  0.000413389 -8.01737e-05 -4.60139e-05 -1.00376e-05 -1.33039e-06    0.0396295    0.0264204    0.0118355   0.00327614  0.000388136  -7.5276e-05  -4.3203e-05 -9.42445e-06 -1.24912e-06    0.0328014    0.0218682   0.00979627   0.00271166   0.00032126 -6.23061e-05 -3.57592e-05 -7.80064e-06  -1.0339e-06     0.023934    0.0159564   0.00714799    0.0019786  0.000234412 -4.54625e-05 -2.60922e-05 -5.69185e-06 -7.54397e-07    0.0153953    0.0102638   0.00459786   0.00127272  0.000150783 -2.92433e-05 -1.67835e-05 -3.66122e-06 -4.85258e-07
