          1    0.854204     0.53241    0.242133   0.0803498   0.0194553  0.00343729 0.000443115 4.16811e-05    0.938911    0.802022    0.499886    0.227341   0.0754414   0.0182668  0.00322731 0.000416045 3.91349e-05    0.777139    0.663835    0.413756    0.188171   0.0624429   0.0151195  0.00267125 0.000344362  3.2392e-05     0.56705    0.484377    0.301903    0.137302   0.0455624   0.0110322  0.00194912 0.000251268 2.36353e-05    0.364749     0.31157    0.194196   0.0883177   0.0293075  0.00709631  0.00125375 0.000161626 1.52031e-05    0.206831    0.176676    0.110119   0.0500806   0.0166188  0.00402397 0.000710938 9.16498e-05 8.62095e-06    0.103392   0.0883177   0.0550469   0.0250346  0.00830752  0.00201152 0.000355388 4.58145e-05 4.30949e-06   0.0455624   0.0389196   0.0242579   0.0110322  0.00366093 0.000886432 0.000156611 2.01894e-05 1.89909e-06   0.0177001   0.0151195  0.00942371  0.00428578   0.0014222 0.000344362 6.08404e-05 7.84318e-06  7.3776e-07
   0.854204           1    0.854204     0.53241    0.242133   0.0803498   0.0194553  0.00343729 0.000443115    0.802022    0.938911    0.802022    0.499886    0.227341   0.0754414   0.0182668  0.00322731 0.000416045    0.663835    0.777139    0.663835    0.413756    0.188171   0.0624429   0.0151195  0.00267125 0.000344362    0.484377     0.56705    0.484377    0.301903    0.137302   0.0455624   0.0110322  0.00194912 0.000251268     0.31157    0.364749     0.31157    0.194196   0.0883177   0.0293075  0.00709631  0.00125375 0.000161626    0.176676    0.206831    0.176676    0.110119   0.0500806   0.0166188  0.00402397 0.000710938 9.16498e-05   0.0883177    0.103392   0.0883177   0.0550469   0.0250346  0.00830752  0.00201152 0.000355388 4.58145e-05   0.0389196   0.0455624   0.0389196   0.0242579   0.0110322  0.00366093 0.000886432 0.000156611 2.01894e-05   0.0151195   0.0177001   0.0151195  0.00942371  0.00428578   0.0014222 0.000344362 6.08404e-05 7.84318e-06
    0.53241    0.854204           1    0.854204     0.53241    0.242133   0.0803498   0.0194553  0.00343729    0.499886    0.802022    0.938911    0.802022    0.499886    0.227341   0.0754414   0.0182668  0.00322731    0.413756    0.663835    0.777139    0.663835    0.413756    0.188171   0.0624429   0.0151195  0.00267125    0.301903    0.484377     0.56705    0.484377    0.301903    0.137302   0.0455624   0.0110322  0.00194912    0.194196     0.31157    0.364749     0.31157    0.194196   0.0883177   0.0293075  0.00709631  0.00125375    0.110119    0.176676    0.206831    0.176676    0.110119   0.0500806   0.0166188  0.00402397 0.000710938   0.0550469   0.0883177    0.103392   0.0883177   0.0550469   0.0250346  0.00830752  0.00201152 0.000355388   0.0242579   0.0389196   0.0455624   0.0389196   0.0242579   0.0110322  0.00366093 0.000886432 0.000156611  0.00942371   0.0151195   0.0177001   0.0151195  0.00942371  0.00428578   0.0014222 0.000344362 6.08404e-05
   0.242133     0.53241    0.854204           1    0.854204     0.53241    0.242133   0.0803498   0.0194553    0.227341    0.499886    0.802022    0.938911    0.802022    0.499886    0.227341   0.0754414   0.0182668    0.188171    0.413756    0.663835    0.777139    0.663835    0.413756    0.188171   0.0624429   0.0151195    0.137302    0.301903    0.484377     0.56705    0.484377    0.301903    0.137302   0.0455624   0.0110322   0.0883177    0.194196     0.31157    0.364749     0.31157    0.194196   0.0883177   0.0293075  0.00709631   0.0500806    0.110119    0.176676    0.206831    0.176676    0.110119   0.0500806   0.0166188  0.00402397   0.0250346   0.0550469   0.0883177    0.103392   0.0883177   0.0550469   0.0250346  0.00830752  0.00201152   0.0110322   0.0242579   0.0389196   0.0455624   0.0389196   0.0242579   0.0110322  0.00366093 0.000886432  0.00428578  0.00942371   0.0151195   0.0177001   0.0151195  0.00942371  0.00428578   0.0014222 0.000344362
  0.0803498    0.242133     0.53241    0.854204           1    0.854204     0.53241    0.242133   0.0803498   0.0754414    0.227341    0.499886    0.802022    0.938911    0.802022    0.499886    0.227341   0.0754414   0.0624429    0.188171    0.413756    0.663835    0.777139    0.663835    0.413756    0.188171   0.0624429   0.0455624    0.137302    0.301903    0.484377     0.56705    0.484377    0.301903    0.137302   0.0455624   0.0293075   0.0883177    0.194196     0.31157    0.364749     0.31157    0.194196   0.0883177   0.0293075   0.0166188   0.0500806    0.110119    0.176676    0.206831    0.176676    0.110119   0.0500806   0.0166188  0.00830752   0.0250346   0.0550469   0.0883177    0.103392   0.0883177   0.0550469   0.0250346  0.00830752  0.00366093   0.0110322   0.0242579   0.0389196   0.0455624   0.0389196   0.0242579   0.0110322  0.00366093   0.0014222  0.00428578  0.00942371   0.0151195   0.0177001   0.0151195  0.00942371  0.00428578   0.0014222
  0.0194553   0.0803498    0.242133     0.53241    0.854204           1    0.854204     0.53241    0.242133   0.0182668   0.0754414    0.227341    0.499886    0.802022    0.938911    0.802022    0.499886    0.227341   0.0151195   0.0624429    0.188171    0.413756    0.663835    0.777139    0.663835    0.413756    0.188171   0.0110322   0.0455624    0.137302    0.301903    0.484377     0.56705    0.484377    0.301903    0.137302  0.00709631   0.0293075   0.0883177    0.194196     0.31157    0.364749     0.31157    0.194196   0.0883177  0.00402397   0.0166188   0.0500806    0.110119    0.176676    0.206831    0.176676    0.110119   0.0500806  0.00201152  0.00830752   0.0250346   0.0550469   0.0883177    0.103392   0.0883177   0.0550469   0.0250346 0.000886432  0.00366093   0.0110322   0.0242579   0.0389196   0.0455624   0.0389196   0.0242579   0.0110322 0.000344362   0.0014222  0.00428578  0.00942371   0.0151195   0.0177001   0.0151195  0.00942371  0.00428578
 0.00343729   0.0194553   0.0803498    0.242133     0.53241    0.854204           1    0.854204     0.53241  0.00322731   0.0182668   0.0754414    0.227341    0.499886    0.802022    0.938911    0.802022    0.499886  0.00267125   0.0151195   0.0624429    0.188171    0.413756    0.663835    0.777139    0.663835    0.413756  0.00194912   0.0110322   0.0455624    0.137302    0.301903    0.484377     0.56705    0.484377    0.301903  0.00125375  0.00709631   0.0293075   0.0883177    0.194196     0.31157    0.364749     0.31157    0.194196 0.000710938  0.00402397   0.0166188   0.0500806    0.110119    0.176676    0.206831    0.176676    0.110119 0.000355388  0.00201152  0.00830752   0.0250346   0.0550469   0.0883177    0.103392   0.0883177   0.0550469 0.000156611 0.000886432  0.00366093   0.0110322   0.0242579   0.0389196   0.0455624   0.0389196   0.0242579 6.08404e-05 0.000344362   0.0014222  0.00428578  0.00942371   0.0151195   0.0177001   0.0151195  0.00942371
0.000443115  0.00343729   0.0194553   0.0803498    0.242133     0.53241    0.854204           1    0.854204 0.000416045  0.00322731   0.0182668   0.0754414    0.227341    0.499886    0.802022    0.938911    0.802022 0.000344362  0.00267125   0.0151195   0.0624429    0.188171    0.413756    0.663835    0.777139    0.663835 0.000251268  0.00194912   0.0110322   0.0455624    0.137302    0.301903    0.484377     0.56705    0.484377 0.000161626  0.00125375  0.00709631   0.0293075   0.0883177    0.194196     0.31157    0.364749     0.31157 9.16498e-05 0.000710938  0.00402397   0.0166188   0.0500806    0.110119    0.176676    0.206831    0.176676 4.58145e-05 0.000355388  0.00201152  0.00830752   0.0250346   0.0550469   0.0883177    0.103392   0.0883177 2.01894e-05 0.000156611 0.000886432  0.00366093   0.0110322   0.0242579   0.0389196   0.0455624   0.0389196 7.84318e-06 6.08404e-05 0.000344362   0.0014222  0.00428578  0.00942371   0.0151195   0.0177001   0.0151195
4.16811e-05 0.000443115  0.00343729   0.0194553   0.0803498    0.242133     0.53241    0.854204           1 3.91349e-05 0.000416045  0.00322731   0.0182668   0.0754414    0.227341    0.499886    0.802022    0.938911  3.2392e-05 0.000344362  0.00267125   0.0151195   0.0624429    0.188171    0.413756    0.663835    0.777139 2.36353e-05 0.000251268  0.00194912   0.0110322   0.0455624    0.137302    0.301903    0.484377     0.56705 1.52031e-05 0.000161626  0.00125375  0.00709631   0.0293075   0.0883177    0.194196     0.31157    0.364749 8.62095e-06 9.16498e-05 0.000710938  0.00402397   0.0166188   0.0500806    0.110119    0.176676    0.206831 4.30949e-06 4.58145e-05 0.000355388  0.00201152  0.00830752   0.0250346   0.0550469   0.0883177    0.103392 1.89909e-06 2.01894e-05 0.000156611 0.000886432  0.00366093   0.0110322   0.0242579   0.0389196   0.0455624  7.3776e-07 7.84318e-06 6.08404e-05 0.000344362   0.0014222  0.00428578  0.00942371   0.0151195   0.0177001
   0.938911    0.802022    0.499886    0.227341   0.0754414   0.0182668  0.00322731 0.000416045 3.91349e-05           1    0.854204     0.53241    0.242133   0.0803498   0.0194553  0.00343729 0.000443115 4.16811e-05    0.938911    0.802022    0.499886    0.227341   0.0754414   0.0182668  0.00322731 0.000416045 3.91349e-05    0.777139    0.663835    0.413756    0.188171   0.0624429   0.0151195  0.00267125 0.000344362  3.2392e-05     0.56705    0.484377    0.301903    0.137302   0.0455624   0.0110322  0.00194912 0.000251268 2.36353e-05    0.364749     0.31157    0.194196   0.0883177   0.0293075  0.00709631  0.00125375 0.000161626 1.52031e-05    0.206831    0.176676    0.110119   0.0500806   0.0166188  0.00402397 0.000710938 9.16498e-05 8.62095e-06    0.103392   0.0883177   0.0550469   0.0250346  0.00830752  0.00201152 0.000355388 4.58145e-05 4.30949e-06   0.0455624   0.0389196   0.0242579   0.0110322  0.00366093 0.000886432 0.000156611 2.01894e-05 1.89909e-06
   0.802022    0.938911    0.802022    0.499886    0.227341   0.0754414   0.0182668  0.00322731 0.000416045    0.854204           1    0.854204     0.53241    0.242133   0.0803498   0.0194553  0.00343729 0.000443115    0.802022    0.938911    0.802022    0.499886    0.227341   0.0754414   0.0182668  0.00322731 0.000416045    0.663835    0.777139    0.663835    0.413756    0.188171   0.0624429   0.0151195  0.00267125 0.000344362    0.484377     0.56705    0.484377    0.301903    0.137302   0.0455624   0.0110322  0.00194912 0.000251268     0.31157    0.364749     0.31157    0.194196   0.0883177   0.0293075  0.00709631  0.00125375 0.000161626    0.176676    0.206831    0.176676    0.110119   0.0500806   0.0166188  0.00402397 0.000710938 9.16498e-05   0.0883177    0.103392   0.0883177   0.0550469   0.0250346  0.00830752  0.00201152 0.000355388 4.58145e-05   0.0389196   0.0455624   0.0389196   0.0242579   0.0110322  0.00366093 0.000886432 0.000156611 2.01894e-05
   0.499886    0.802022    0.938911    0.802022    0.499886    0.227341   0.0754414   0.0182668  0.00322731     0.53241    0.854204           1    0.854204     0.53241    0.242133   0.0803498   0.0194553  0.00343729    0.499886    0.802022    0.938911    0.802022    0.499886    0.227341   0.0754414   0.0182668  0.00322731    0.413756    0.663835    0.777139    0.663835    0.413756    0.188171   0.0624429   0.0151195  0.00267125    0.301903    0.484377     0.56705    0.484377    0.301903    0.137302   0.0455624   0.0110322  0.00194912    0.194196     0.31157    0.364749     0.31157    0.194196   0.0883177   0.0293075  0.00709631  0.00125375    0.110119    0.176676    0.206831    0.176676    0.110119   0.0500806   0.0166188  0.00402397 0.000710938   0.0550469   0.0883177    0.103392   0.0883177   0.0550469   0.0250346  0.00830752  0.00201152 0.000355388   0.0242579   0.0389196   0.0455624   0.0389196   0.0242579   0.0110322  0.00366093 0.000886432 0.000156611
   0.227341    0.499886    0.802022    0.938911    0.802022    0.499886    0.227341   0.0754414   0.0182668    0.242133     0.53241    0.854204           1    0.854204     0.53241    0.242133   0.0803498   0.0194553    0.227341    0.499886    0.802022    0.938911    0.802022    0.499886    0.227341   0.0754414   0.0182668    0.188171    0.413756    0.663835    0.777139    0.663835    0.413756    0.188171   0.0624429   0.0151195    0.137302    0.301903    0.484377     0.56705    0.484377    0.301903    0.137302   0.0455624   0.0110322   0.0883177    0.194196     0.31157    0.364749     0.31157    0.194196   0.0883177   0.0293075  0.00709631   0.0500806    0.110119    0.176676    0.206831    0.176676    0.110119   0.0500806   0.0166188  0.00402397   0.0250346   0.0550469   0.0883177    0.103392   0.0883177   0.0550469   0.0250346  0.00830752  0.00201152   0.0110322   0.0242579   0.0389196   0.0455624   0.0389196   0.0242579   0.0110322  0.00366093 0.000886432
  0.0754414    0.227341    0.499886    0.802022    0.938911    0.802022    0.499886    0.227341   0.0754414   0.0803498    0.242133     0.53241    0.854204           1    0.854204     0.53241    0.242133   0.0803498   0.0754414    0.227341    0.499886    0.802022    0.938911    0.802022    0.499886    0.227341   0.0754414   0.0624429    0.188171    0.413756    0.663835    0.777139    0.663835    0.413756    0.188171   0.0624429   0.0455624    0.137302    0.301903    0.484377     0.56705    0.484377    0.301903    0.137302   0.0455624   0.0293075   0.0883177    0.194196     0.31157    0.364749     0.31157    0.194196   0.0883177   0.0293075   0.0166188   0.0500806    0.110119    0.176676    0.206831    0.176676    0.110119   0.0500806   0.0166188  0.00830752   0.0250346   0.0550469   0.0883177    0.103392   0.0883177   0.0550469   0.0250346  0.00830752  0.00366093   0.0110322   0.0242579   0.0389196   0.0455624   0.0389196   0.0242579   0.0110322  0.00366093
  0.0182668   0.0754414    0.227341    0.499886    0.802022    0.938911    0.802022    0.499886    0.227341   0.0194553   0.0803498    0.242133     0.53241    0.854204           1    0.854204     0.53241    0.242133   0.0182668   0.0754414    0.227341    0.499886    0.802022    0.938911    0.802022    0.499886    0.227341   0.0151195   0.0624429    0.188171    0.413756    0.663835    0.777139    0.663835    0.413756    0.188171   0.0110322   0.0455624    0.137302    0.301903    0.484377     0.56705    0.484377    0.301903    0.137302  0.00709631   0.0293075   0.0883177    0.194196     0.31157    0.364749     0.31157    0.194196   0.0883177  0.00402397   0.0166188   0.0500806    0.110119    0.176676    0.206831    0.176676    0.110119   0.0500806  0.00201152  0.00830752   0.0250346   0.0550469   0.0883177    0.103392   0.0883177   0.0550469   0.0250346 0.000886432  0.00366093   0.0110322   0.0242579   0.0389196   0.0455624   0.0389196   0.0242579   0.0110322
 0.00322731   0.0182668   0.0754414    0.227341    0.499886    0.802022    0.938911    0.802022    0.499886  0.00343729   0.0194553   0.0803498    0.242133     0.53241    0.854204           1    0.854204     0.53241  0.00322731   0.0182668   0.0754414    0.227341    0.499886    0.802022    0.938911    0.802022    0.499886  0.00267125   0.0151195   0.0624429    0.188171    0.413756    0.663835    0.777139    0.663835    0.413756  0.00194912   0.0110322   0.0455624    0.137302    0.301903    0.484377     0.56705    0.484377    0.301903  0.00125375  0.00709631   0.0293075   0.0883177    0.194196     0.31157    0.364749     0.31157    0.194196 0.000710938  0.00402397   0.0166188   0.0500806    0.110119    0.176676    0.206831    0.176676    0.110119 0.000355388  0.00201152  0.00830752   0.0250346   0.0550469   0.0883177    0.103392   0.0883177   0.0550469 0.000156611 0.000886432  0.00366093   0.0110322   0.0242579   0.0389196   0.0455624   0.0389196   0.0242579
0.000416045  0.00322731   0.0182668   0.0754414    0.227341    0.499886    0.802022    0.938911    0.802022 0.000443115  0.00343729   0.0194553   0.0803498    0.242133     0.53241    0.854204           1    0.854204 0.000416045  0.00322731   0.0182668   0.0754414    0.227341    0.499886    0.802022    0.938911    0.802022 0.000344362  0.00267125   0.0151195   0.0624429    0.188171    0.413756    0.663835    0.777139    0.663835 0.000251268  0.00194912   0.0110322   0.0455624    0.137302    0.301903    0.484377     0.56705    0.484377 0.000161626  0.00125375  0.00709631   0.0293075   0.0883177    0.194196     0.31157    0.364749     0.31157 9.16498e-05 0.000710938  0.00402397   0.0166188   0.0500806    0.110119    0.176676    0.206831    0.176676 4.58145e-05 0.000355388  0.00201152  0.00830752   0.0250346   0.0550469   0.0883177    0.103392   0.0883177 2.01894e-05 0.000156611 0.000886432  0.00366093   0.0110322   0.0242579   0.0389196   0.0455624   0.0389196
3.91349e-05 0.000416045  0.00322731   0.0182668   0.0754414    0.227341    0.499886    0.802022    0.938911 4.16811e-05 0.000443115  0.00343729   0.0194553   0.0803498    0.242133     0.53241    0.854204           1 3.91349e-05 0.000416045  0.00322731   0.0182668   0.0754414    0.227341    0.499886    0.802022    0.938911  3.2392e-05 0.000344362  0.00267125   0.0151195   0.0624429    0.188171    0.413756    0.663835    0.777139 2.36353e-05 0.000251268  0.00194912   0.0110322   0.0455624    0.137302    0.301903    0.484377     0.56705 1.52031e-05 0.000161626  0.00125375  0.00709631   0.0293075   0.0883177    0.194196     0.31157    0.364749 8.62095e-06 9.16498e-05 0.000710938  0.00402397   0.0166188   0.0500806    0.110119    0.176676    0.206831 4.30949e-06 4.58145e-05 0.000355388  0.00201152  0.00830752   0.0250346   0.0550469   0.0883177    0.103392 1.89909e-06 2.01894e-05 0.000156611 0.000886432  0.00366093   0.0110322   0.0242579   0.0389196   0.0455624
   0.777139    0.663835    0.413756    0.188171   0.0624429   0.0151195  0.00267125 0.000344362  3.2392e-05    0.938911    0.802022    0.499886    0.227341   0.0754414   0.0182668  0.00322731 0.000416045 3.91349e-05           1    0.854204     0.53241    0.242133   0.0803498   0.0194553  0.00343729 0.000443115 4.16811e-05    0.938911    0.802022    0.499886    0.227341   0.0754414   0.0182668  0.00322731 0.000416045 3.91349e-05    0.777139    0.663835    0.413756    0.188171   0.0624429   0.0151195  0.00267125 0.000344362  3.2392e-05     0.56705    0.484377    0.301903    0.137302   0.0455624   0.0110322  0.00194912 0.000251268 2.36353e-05    0.364749     0.31157    0.194196   0.0883177   0.0293075  0.00709631  0.00125375 0.000161626 1.52031e-05    0.206831    0.176676    0.110119   0.0500806   0.0166188  0.00402397 0.000710938 9.16498e-05 8.62095e-06    0.103392   0.0883177   0.0550469   0.0250346  0.00830752  0.00201152 0.000355388 4.58145e-05 4.30949e-06
   0.663835    0.777139    0.663835    0.413756    0.188171   0.0624429   0.0151195  0.00267125 0.000344362    0.802022    0.938911    0.802022    0.499886    0.227341   0.0754414   0.0182668  0.00322731 0.000416045    0.854204           1    0.854204     0.53241    0.242133   0.0803498   0.0194553  0.00343729 0.000443115    0.802022    0.938911    0.802022    0.499886    0.227341   0.0754414   0.0182668  0.00322731 0.000416045    0.663835    0.777139    0.663835    0.413756    0.188171   0.0624429   0.0151195  0.00267125 0.000344362    0.484377     0.56705    0.484377    0.301903    0.137302   0.0455624   0.0110322  0.00194912 0.000251268     0.31157    0.364749     0.31157    0.194196   0.0883177   0.0293075  0.00709631  0.00125375 0.000161626    0.176676    0.206831    0.176676    0.110119   0.0500806   0.0166188  0.00402397 0.000710938 9.16498e-05   0.0883177    0.103392   0.0883177   0.0550469   0.0250346  0.00830752  0.00201152 0.000355388 4.58145e-05
   0.413756    0.663835    0.777139    0.663835    0.413756    0.188171   0.0624429   0.0151195  0.00267125    0.499886    0.802022    0.938911    0.802022    0.499886    0.227341   0.0754414   0.0182668  0.00322731     0.53241    0.854204           1    0.854204     0.53241    0.242133   0.0803498   0.0194553  0.00343729    0.499886    0.802022    0.938911    0.802022    0.499886    0.227341   0.0754414   0.0182668  0.00322731    0.413756    0.663835    0.777139    0.663835    0.413756    0.188171   0.0624429   0.0151195  0.00267125    0.301903    0.484377     0.56705    0.484377    0.301903    0.137302   0.0455624   0.0110322  0.00194912    0.194196     0.31157    0.364749     0.31157    0.194196   0.0883177   0.0293075  0.00709631  0.00125375    0.110119    0.176676    0.206831    0.176676    0.110119   0.0500806   0.0166188  0.00402397 0.000710938   0.0550469   0.0883177    0.103392   0.0883177   0.0550469   0.0250346  0.00830752  0.00201152 0.000355388
   0.188171    0.413756    0.663835    0.777139    0.663835    0.413756    0.188171   0.0624429   0.0151195    0.227341    0.499886    0.802022    0.938911    0.802022    0.499886    0.227341   0.0754414   0.0182668    0.242133     0.53241    0.854204           1    0.854204     0.53241    0.242133   0.0803498   0.0194553    0.227341    0.499886    0.802022    0.938911    0.802022    0.499886    0.227341   0.0754414   0.0182668    0.188171    0.413756    0.663835    0.777139    0.663835    0.413756    0.188171   0.0624429   0.0151195    0.137302    0.301903    0.484377     0.56705    0.484377    0.301903    0.137302   0.0455624   0.0110322   0.0883177    0.194196     0.31157    0.364749     0.31157    0.194196   0.0883177   0.0293075  0.00709631   0.0500806    0.110119    0.176676    0.206831    0.176676    0.110119   0.0500806   0.0166188  0.00402397   0.0250346   0.0550469   0.0883177    0.103392   0.0883177   0.0550469   0.0250346  0.00830752  0.00201152
  0.0624429    0.188171    0.413756    0.663835    0.777139    0.663835    0.413756    0.188171   0.0624429   0.0754414    0.227341    0.499886    0.802022    0.938911    0.802022    0.499886    0.227341   0.0754414   0.0803498    0.242133     0.53241    0.854204           1    0.854204     0.53241    0.242133   0.0803498   0.0754414    0.227341    0.499886    0.802022    0.938911    0.802022    0.499886    0.227341   0.0754414   0.0624429    0.188171    0.413756    0.663835    0.777139    0.663835    0.413756    0.188171   0.0624429   0.0455624    0.137302    0.301903    0.484377     0.56705    0.484377    0.301903    0.137302   0.0455624   0.0293075   0.0883177    0.194196     0.31157    0.364749     0.31157    0.194196   0.0883177   0.0293075   0.0166188   0.0500806    0.110119    0.176676    0.206831    0.176676    0.110119   0.0500806   0.0166188  0.00830752   0.0250346   0.0550469   0.0883177    0.103392   0.0883177   0.0550469   0.0250346  0.00830752
  0.0151195   0.0624429    0.188171    0.413756    0.663835    0.777139    0.663835    0.413756    0.188171   0.0182668   0.0754414    0.227341    0.499886    0.802022    0.938911    0.802022    0.499886    0.227341   0.0194553   0.0803498    0.242133     0.53241    0.854204           1    0.854204     0.53241    0.242133   0.0182668   0.0754414    0.227341    0.499886    0.802022    0.938911    0.802022    0.499886    0.227341   0.0151195   0.0624429    0.188171    0.413756    0.663835    0.777139    0.663835    0.413756    0.188171   0.0110322   0.0455624    0.137302    0.301903    0.484377     0.56705    0.484377    0.301903    0.137302  0.00709631   0.0293075   0.0883177    0.194196     0.31157    0.364749     0.31157    0.194196   0.0883177  0.00402397   0.0166188   0.0500806    0.110119    0.176676    0.206831    0.176676    0.110119   0.0500806  0.00201152  0.00830752   0.0250346   0.0550469   0.0883177    0.103392   0.0883177   0.0550469   0.0250346
 0.00267125   0.0151195   0.0624429    0.188171    0.413756    0.663835    0.777139    0.663835    0.413756  0.00322731   0.0182668   0.0754414    0.227341    0.499886    0.802022    0.938911    0.802022    0.499886  0.00343729   0.0194553   0.0803498    0.242133     0.53241    0.854204           1    0.854204     0.53241  0.00322731   0.0182668   0.0754414    0.227341    0.499886    0.802022    0.938911    0.802022    0.499886  0.00267125   0.0151195   0.0624429    0.188171    0.413756    0.663835    0.777139    0.663835    0.413756  0.00194912   0.0110322   0.0455624    0.137302    0.301903    0.484377     0.56705    0.484377    0.301903  0.00125375  0.00709631   0.0293075   0.0883177    0.194196     0.31157    0.364749     0.31157    0.194196 0.000710938  0.00402397   0.0166188   0.0500806    0.110119    0.176676    0.206831    0.176676    0.110119 0.000355388  0.00201152  0.00830752   0.0250346   0.0550469   0.0883177    0.103392   0.0883177   0.0550469
0.000344362  0.00267125   0.0151195   0.0624429    0.188171    0.413756    0.663835    0.777139    0.663835 0.000416045  0.00322731   0.0182668   0.0754414    0.227341    0.499886    0.802022    0.938911    0.802022 0.000443115  0.00343729   0.0194553   0.0803498    0.242133     0.53241    0.854204           1    0.854204 0.000416045  0.00322731   0.0182668   0.0754414    0.227341    0.499886    0.802022    0.938911    0.802022 0.000344362  0.00267125   0.0151195   0.0624429    0.188171    0.413756    0.663835    0.777139    0.663835 0.000251268  0.00194912   0.0110322   0.0455624    0.137302    0.301903    0.484377     0.56705    0.484377 0.000161626  0.00125375  0.00709631   0.0293075   0.0883177    0.194196     0.31157    0.364749     0.31157 9.16498e-05 0.000710938  0.00402397   0.0166188   0.0500806    0.110119    0.176676    0.206831    0.176676 4.58145e-05 0.000355388  0.00201152  0.00830752   0.0250346   0.0550469   0.0883177    0.103392   0.0883177
 3.2392e-05 0.000344362  0.00267125   0.0151195   0.0624429    0.188171    0.413756    0.663835    0.777139 3.91349e-05 0.000416045  0.00322731   0.0182668   0.0754414    0.227341    0.499886    0.802022    0.938911 4.16811e-05 0.000443115  0.00343729   0.0194553   0.0803498    0.242133     0.53241    0.854204           1 3.91349e-05 0.000416045  0.00322731   0.0182668   0.0754414    0.227341    0.499886    0.802022    0.938911  3.2392e-05 0.000344362  0.00267125   0.0151195   0.0624429    0.188171    0.413756    0.663835    0.777139 2.36353e-05 0.000251268  0.00194912   0.0110322   0.0455624    0.137302    0.301903    0.484377     0.56705 1.52031e-05 0.000161626  0.00125375  0.00709631   0.0293075   0.0883177    0.194196     0.31157    0.364749 8.62095e-06 9.16498e-05 0.000710938  0.00402397   0.0166188   0.0500806    0.110119    0.176676    0.206831 4.30949e-06 4.58145e-05 0.000355388  0.00201152  0.00830752   0.0250346   0.0550469   0.0883177    0.103392
    0.56705    0.484377    0.301903    0.137302   0.0455624   0.0110322  0.00194912 0.000251268 2.36353e-05    0.777139    0.663835    0.413756    0.188171   0.0624429   0.0151195  0.00267125 0.000344362  3.2392e-05    0.938911    0.802022    0.499886    0.227341   0.0754414   0.0182668  0.00322731 0.000416045 3.91349e-05           1    0.854204     0.53241    0.242133   0.0803498   0.0194553  0.00343729 0.000443115 4.16811e-05    0.938911    0.802022    0.499886    0.227341   0.0754414   0.0182668  0.00322731 0.000416045 3.91349e-05    0.777139    0.663835    0.413756    0.188171   0.0624429   0.0151195  0.00267125 0.000344362  3.2392e-05     0.56705    0.484377    0.301903    0.137302   0.0455624   0.0110322  0.00194912 0.000251268 2.36353e-05    0.364749     0.31157    0.194196   0.0883177   0.0293075  0.00709631  0.00125375 0.000161626 1.52031e-05    0.206831    0.176676    0.110119   0.0500806   0.0166188  0.00402397 0.000710938 9.16498e-05 8.62095e-06
   0.484377     0.56705    0.484377    0.301903    0.137302   0.0455624   0.0110322  0.00194912 0.000251268    0.663835    0.777139    0.663835    0.413756    0.188171   0.0624429   0.0151195  0.00267125 0.000344362    0.802022    0.938911    0.802022    0.499886    0.227341   0.0754414   0.0182668  0.00322731 0.000416045    0.854204           1    0.854204     0.53241    0.242133   0.0803498   0.0194553  0.00343729 0.000443115    0.802022    0.938911    0.802022    0.499886    0.227341   0.0754414   0.0182668  0.00322731 0.000416045    0.663835    0.777139    0.663835    0.413756    0.188171   0.0624429   0.0151195  0.00267125 0.000344362    0.484377     0.56705    0.484377    0.301903    0.137302   0.0455624   0.0110322  0.00194912 0.000251268     0.31157    0.364749     0.31157    0.194196   0.0883177   0.0293075  0.00709631  0.00125375 0.000161626    0.176676    0.206831    0.176676    0.110119   0.0500806   0.0166188  0.00402397 0.000710938 9.16498e-05
   0.301903    0.484377     0.56705    0.484377    0.301903    0.137302   0.0455624   0.0110322  0.00194912    0.413756    0.663835    0.777139    0.663835    0.413756    0.188171   0.0624429   0.0151195  0.00267125    0.499886    0.802022    0.938911    0.802022    0.499886    0.227341   0.0754414   0.0182668  0.00322731     0.53241    0.854204           1    0.854204     0.53241    0.242133   0.0803498   0.0194553  0.00343729    0.499886    0.802022    0.938911    0.802022    0.499886    0.227341   0.0754414   0.0182668  0.00322731    0.413756    0.663835    0.777139    0.663835    0.413756    0.188171   0.0624429   0.0151195  0.00267125    0.301903    0.484377     0.56705    0.484377    0.301903    0.137302   0.0455624   0.0110322  0.00194912    0.194196     0.31157    0.364749     0.31157    0.194196   0.0883177   0.0293075  0.00709631  0.00125375    0.110119    0.176676    0.206831    0.176676    0.110119   0.0500806   0.0166188  0.00402397 0.000710938
   0.137302    0.301903    0.484377     0.56705    0.484377    0.301903    0.137302   0.0455624   0.0110322    0.188171    0.413756    0.663835    0.777139    0.663835    0.413756    0.188171   0.0624429   0.0151195    0.227341    0.499886    0.802022    0.938911    0.802022    0.499886    0.227341   0.0754414   0.0182668    0.242133     0.53241    0.854204           1    0.854204     0.53241    0.242133   0.0803498   0.0194553    0.227341    0.499886    0.802022    0.938911    0.802022    0.499886    0.227341   0.0754414   0.0182668    0.188171    0.413756    0.663835    0.777139    0.663835    0.413756    0.188171   0.0624429   0.0151195    0.137302    0.301903    0.484377     0.56705    0.484377    0.301903    0.137302   0.0455624   0.0110322   0.0883177    0.194196     0.31157    0.364749     0.31157    0.194196   0.0883177   0.0293075  0.00709631   0.0500806    0.110119    0.176676    0.206831    0.176676    0.110119   0.0500806   0.0166188  0.00402397
  0.0455624    0.137302    0.301903    0.484377     0.56705    0.484377    0.301903    0.137302   0.0455624   0.0624429    0.188171    0.413756    0.663835    0.777139    0.663835    0.413756    0.188171   0.0624429   0.0754414    0.227341    0.499886    0.802022    0.938911    0.802022    0.499886    0.227341   0.0754414   0.0803498    0.242133     0.53241    0.854204           1    0.854204     0.53241    0.242133   0.0803498   0.0754414    0.227341    0.499886    0.802022    0.938911    0.802022    0.499886    0.227341   0.0754414   0.0624429    0.188171    0.413756    0.663835    0.777139    0.663835    0.413756    0.188171   0.0624429   0.0455624    0.137302    0.301903    0.484377     0.56705    0.484377    0.301903    0.137302   0.0455624   0.0293075   0.0883177    0.194196     0.31157    0.364749     0.31157    0.194196   0.0883177   0.0293075   0.0166188   0.0500806    0.110119    0.176676    0.206831    0.176676    0.110119   0.0500806   0.0166188
  0.0110322   0.0455624    0.137302    0.301903    0.484377     0.56705    0.484377    0.301903    0.137302   0.0151195   0.0624429    0.188171    0.413756    0.663835    0.777139    0.663835    0.413756    0.188171   0.0182668   0.0754414    0.227341    0.499886    0.802022    0.938911    0.802022    0.499886    0.227341   0.0194553   0.0803498    0.242133     0.53241    0.854204           1    0.854204     0.53241    0.242133   0.0182668   0.0754414    0.227341    0.499886    0.802022    0.938911    0.802022    0.499886    0.227341   0.0151195   0.0624429    0.188171    0.413756    0.663835    0.777139    0.663835    0.413756    0.188171   0.0110322   0.0455624    0.137302    0.301903    0.484377     0.56705    0.484377    0.301903    0.137302  0.00709631   0.0293075   0.0883177    0.194196     0.31157    0.364749     0.31157    0.194196   0.0883177  0.00402397   0.0166188   0.0500806    0.110119    0.176676    0.206831    0.176676    0.110119   0.0500806
 0.00194912   0.0110322   0.0455624    0.137302    0.301903    0.484377     0.56705    0.484377    0.301903  0.00267125   0.0151195   0.0624429    0.188171    0.413756    0.663835    0.777139    0.663835    0.413756  0.00322731   0.0182668   0.0754414    0.227341    0.499886    0.802022    0.938911    0.802022    0.499886  0.00343729   0.0194553   0.0803498    0.242133     0.53241    0.854204           1    0.854204     0.53241  0.00322731   0.0182668   0.0754414    0.227341    0.499886    0.802022    0.938911    0.802022    0.499886  0.00267125   0.0151195   0.0624429    0.188171    0.413756    0.663835    0.777139    0.663835    0.413756  0.00194912   0.0110322   0.0455624    0.137302    0.301903    0.484377     0.56705    0.484377    0.301903  0.00125375  0.00709631   0.0293075   0.0883177    0.194196     0.31157    0.364749     0.31157    0.194196 0.000710938  0.00402397   0.0166188   0.0500806    0.110119    0.176676    0.206831    0.176676    0.110119
0.000251268  0.00194912   0.0110322   0.0455624    0.137302    0.301903    0.484377     0.56705    0.484377 0.000344362  0.00267125   0.0151195   0.0624429    0.188171    0.413756    0.663835    0.777139    0.663835 0.000416045  0.00322731   0.0182668   0.0754414    0.227341    0.499886    0.802022    0.938911    0.802022 0.000443115  0.00343729   0.0194553   0.0803498    0.242133     0.53241    0.854204           1    0.854204 0.000416045  0.00322731   0.0182668   0.0754414    0.227341    0.499886    0.802022    0.938911    0.802022 0.000344362  0.00267125   0.0151195   0.0624429    0.188171    0.413756    0.663835    0.777139    0.663835 0.000251268  0.00194912   0.0110322   0.0455624    0.137302    0.301903    0.484377     0.56705    0.484377 0.000161626  0.00125375  0.00709631   0.0293075   0.0883177    0.194196     0.31157    0.364749     0.31157 9.16498e-05 0.000710938  0.00402397   0.0166188   0.0500806    0.110119    0.176676    0.206831    0.176676
2.36353e-05 0.000251268  0.00194912   0.0110322   0.0455624    0.137302    0.301903    0.484377     0.56705  3.2392e-05 0.000344362  0.00267125   0.0151195   0.0624429    0.188171    0.413756    0.663835    0.777139 3.91349e-05 0.000416045  0.00322731   0.0182668   0.0754414    0.227341    0.499886    0.802022    0.938911 4.16811e-05 0.000443115  0.00343729   0.0194553   0.0803498    0.242133     0.53241    0.854204           1 3.91349e-05 0.000416045  0.00322731   0.0182668   0.0754414    0.227341    0.499886    0.802022    0.938911  3.2392e-05 0.000344362  0.00267125   0.0151195   0.0624429    0.188171    0.413756    0.663835    0.777139 2.36353e-05 0.000251268  0.00194912   0.0110322   0.0455624    0.137302    0.301903    0.484377     0.56705 1.52031e-05 0.000161626  0.00125375  0.00709631   0.0293075   0.0883177    0.194196     0.31157    0.364749 8.62095e-06 9.16498e-05 0.000710938  0.00402397   0.0166188   0.0500806    0.110119    0.176676    0.206831
   0.364749     0.31157    0.194196   0.0883177   0.0293075  0.00709631  0.00125375 0.000161626 1.52031e-05     0.56705    0.484377    0.301903    0.137302   0.0455624   0.0110322  0.00194912 0.000251268 2.36353e-05    0.777139    0.663835    0.413756    0.188171   0.0624429   0.0151195  0.00267125 0.000344362  3.2392e-05    0.938911    0.802022    0.499886    0.227341   0.0754414   0.0182668  0.00322731 0.000416045 3.91349e-05           1    0.854204     0.53241    0.242133   0.0803498   0.0194553  0.00343729 0.000443115 4.16811e-05    0.938911    0.802022    0.499886    0.227341   0.0754414   0.0182668  0.00322731 0.000416045 3.91349e-05    0.777139    0.663835    0.413756    0.188171   0.0624429   0.0151195  0.00267125 0.000344362  3.2392e-05     0.56705    0.484377    0.301903    0.137302   0.0455624   0.0110322  0.00194912 0.000251268 2.36353e-05    0.364749     0.31157    0.194196   0.0883177   0.0293075  0.00709631  0.00125375 0.000161626 1.52031e-05
    0.31157    0.364749     0.31157    0.194196   0.0883177   0.0293075  0.00709631  0.00125375 0.000161626    0.484377     0.56705    0.484377    0.301903    0.137302   0.0455624   0.0110322  0.00194912 0.000251268    0.663835    0.777139    0.663835    0.413756    0.188171   0.0624429   0.0151195  0.00267125 0.000344362    0.802022    0.938911    0.802022    0.499886    0.227341   0.0754414   0.0182668  0.00322731 0.000416045    0.854204           1    0.854204     0.53241    0.242133   0.0803498   0.0194553  0.00343729 0.000443115    0.802022    0.938911    0.802022    0.499886    0.227341   0.0754414   0.0182668  0.00322731 0.000416045    0.663835    0.777139    0.663835    0.413756    0.188171   0.0624429   0.0151195  0.00267125 0.000344362    0.484377     0.56705    0.484377    0.301903    0.137302   0.0455624   0.0110322  0.00194912 0.000251268     0.31157    0.364749     0.31157    0.194196   0.0883177   0.0293075  0.00709631  0.00125375 0.000161626
   0.194196     0.31157    0.364749     0.31157    0.194196   0.0883177   0.0293075  0.00709631  0.00125375    0.301903    0.484377     0.56705    0.484377    0.301903    0.137302   0.0455624   0.0110322  0.00194912    0.413756    0.663835    0.777139    0.663835    0.413756    0.188171   0.0624429   0.0151195  0.00267125    0.499886    0.802022    0.938911    0.802022    0.499886    0.227341   0.0754414   0.0182668  0.00322731     0.53241    0.854204           1    0.854204     0.53241    0.242133   0.0803498   0.0194553  0.00343729    0.499886    0.802022    0.938911    0.802022    0.499886    0.227341   0.0754414   0.0182668  0.00322731    0.413756    0.663835    0.777139    0.663835    0.413756    0.188171   0.0624429   0.0151195  0.00267125    0.301903    0.484377     0.56705    0.484377    0.301903    0.137302   0.0455624   0.0110322  0.00194912    0.194196     0.31157    0.364749     0.31157    0.194196   0.0883177   0.0293075  0.00709631  0.00125375
  0.0883177    0.194196     0.31157    0.364749     0.31157    0.194196   0.0883177   0.0293075  0.00709631    0.137302    0.301903    0.484377     0.56705    0.484377    0.301903    0.137302   0.0455624   0.0110322    0.188171    0.413756    0.663835    0.777139    0.663835    0.413756    0.188171   0.0624429   0.0151195    0.227341    0.499886    0.802022    0.938911    0.802022    0.499886    0.227341   0.0754414   0.0182668    0.242133     0.53241    0.854204           1    0.854204     0.53241    0.242133   0.0803498   0.0194553    0.227341    0.499886    0.802022    0.938911    0.802022    0.499886    0.227341   0.0754414   0.0182668    0.188171    0.413756    0.663835    0.777139    0.663835    0.413756    0.188171   0.0624429   0.0151195    0.137302    0.301903    0.484377     0.56705    0.484377    0.301903    0.137302   0.0455624   0.0110322   0.0883177    0.194196     0.31157    0.364749     0.31157    0.194196   0.0883177   0.0293075  0.00709631
  0.0293075   0.0883177    0.194196     0.31157    0.364749     0.31157    0.194196   0.0883177   0.0293075   0.0455624    0.137302    0.301903    0.484377     0.56705    0.484377    0.301903    0.137302   0.0455624   0.0624429    0.188171    0.413756    0.663835    0.777139    0.663835    0.413756    0.188171   0.0624429   0.0754414    0.227341    0.499886    0.802022    0.938911    0.802022    0.499886    0.227341   0.0754414   0.0803498    0.242133     0.53241    0.854204           1    0.854204     0.53241    0.242133   0.0803498   0.0754414    0.227341    0.499886    0.802022    0.938911    0.802022    0.499886    0.227341   0.0754414   0.0624429    0.188171    0.413756    0.663835    0.777139    0.663835    0.413756    0.188171   0.0624429   0.0455624    0.137302    0.301903    0.484377     0.56705    0.484377    0.301903    0.137302   0.0455624   0.0293075   0.0883177    0.194196     0.31157    0.364749     0.31157    0.194196   0.0883177   0.0293075
